Time,Model_1,Model_2,Model_3,Model_4,Model_5,Model_6,Model_7,Model_8,Model_9,Model_10,Model_11,Model_12,Model_13,Model_14,Model_15,Model_16,Model_17,Model_18,Model_19,Model_20,Model_21,Model_22,Model_23,Model_24,Model_25,Model_26,Model_27
0.0,0.03703703703703704,0.03703703703703704,0.03703703703703704,0.03703703703703704,0.03703703703703704,0.03703703703703704,0.03703703703703704,0.03703703703703704,0.03703703703703704,0.03703703703703704,0.03703703703703704,0.03703703703703704,0.03703703703703704,0.03703703703703704,0.03703703703703704,0.03703703703703704,0.03703703703703704,0.03703703703703704,0.03703703703703704,0.03703703703703704,0.03703703703703704,0.03703703703703704,0.03703703703703704,0.03703703703703704,0.03703703703703704,0.03703703703703704,0.03703703703703704
0.1,0.037048358828697836,0.037204681017848414,0.03736232797131381,0.036893344775021354,0.03704835882869787,0.03720468101784844,0.036739622505125503,0.03689334477502137,0.03704835882869789,0.037035909783392496,0.037185852737981084,0.03733701474098096,0.036887171189884965,0.037035909783392496,0.037185852737981105,0.03673962250512552,0.03688717118988499,0.03703590978339254,0.037024425780358895,0.0371684896939011,0.037313679106767854,0.03688147432946954,0.03702442578035888,0.037168489693901116,0.03673962250512549,0.03688147432946956,0.03702442578035893
0.2,0.03702713788733914,0.03726885411550558,0.03750706176080362,0.0368577135268127,0.037088877167816836,0.03732246628096712,0.03667501718571622,0.03691897461494249,0.03713864092556962,0.036974822657666634,0.03720631132700594,0.03743818483219916,0.036814584755414936,0.037038400013480306,0.037265167818181476,0.0366436277573376,0.03685973477664719,0.03709141655015241,0.036934247538600265,0.037139393889277415,0.03737014147099238,0.0367654351749617,0.03697767672661095,0.03720408982968673,0.036606379721052115,0.03682306837061634,0.03704257332464308
0.30000000000000004,0.03699685405066746,0.037307833329431724,0.037615935239726755,0.03685518989769975,0.037153743923676145,0.03745569090256014,0.036696878445347025,0.03701076358297234,0.037298088891926866,0.03687877261324452,0.03717833435517711,0.03747478225412047,0.03674675800530786,0.03703844902515471,0.03733117564449852,0.03660238514004384,0.03688609189951653,0.03718137698766733,0.036782985887550156,0.03704848742087548,0.03734482936050557,0.0366390341323505,0.036913737555759094,0.0372042374770814,0.03650592331592483,0.03678558345218908,0.037066077209024745
0.4,0.03693767113421391,0.03710035279001942,0.03725712686585642,0.03706863240678964,0.03722355658020337,0.037378879015296004,0.03718346772396352,0.037355598481670416,0.037499397353059606,0.03675857732671641,0.03691380468183191,0.03706731712499862,0.03688570737617353,0.03703607041733857,0.03718738180188035,0.036999902764934346,0.03714467317075485,0.03730479232132882,0.0366022229210092,0.03673235232313789,0.03688837983195558,0.03670807335275109,0.03684902442444312,0.0370029174721909,0.03682255944099365,0.036971047068981744,0.03712051382750713
0.5,0.0369469827254164,0.03689160315732316,0.03682565959104379,0.03722462634275745,0.03716368334287722,0.03709882201305179,0.0374888355643284,0.03744478545584292,0.037368406413417994,0.03683075561488727,0.03677626052120499,0.03672161199794229,0.037096108270435184,0.03703705497670346,0.03697866163711655,0.03734939700568005,0.03728432127894566,0.03724038125062243,0.03672550048085115,0.03665925152867187,0.03661388501871884,0.03696461905465413,0.03690906702695448,0.036863189365374964,0.03721229622749529,0.03716518786777114,0.03711904626991119
0.6000000000000001,0.036968209588497045,0.03685537436759662,0.03672567318487727,0.03724204166396133,0.03712287908615315,0.03699347604056516,0.03750258579731924,0.037398754425344787,0.03725663002055222,0.036889606629331086,0.036784498644147526,0.036674381796763404,0.03715197808769739,0.03704126161761275,0.03692588834043783,0.03740210551884797,0.03728402597324542,0.037183012246209506,0.03681441950392077,0.036704493562375325,0.036609762864070784,0.037051894527979114,0.03695166140888704,0.036855497217919156,0.03729736756757964,0.03720460279536933,0.03710791752273935
0.7000000000000001,0.03687598795516607,0.03694795343670486,0.036994967373434814,0.037266477203132094,0.037327563341152344,0.03736982038949254,0.037639157565464924,0.03771136417172849,0.037737058167283066,0.03659070471803126,0.03667251547920436,0.036738920637412395,0.036970810760891426,0.03704374071877804,0.037102239043338134,0.037335530932952964,0.03739780607238071,0.03746423526862963,0.036320264717895935,0.03639585546597747,0.036479643772734806,0.03667513624477655,0.036757277285696784,0.036835744464040615,0.03703486242889516,0.037120708303231435,0.03719365408157311
0.8,0.036346669948553414,0.036922505611281554,0.037476057137321925,0.03771506034081465,0.0382895165039583,0.03884612088673096,0.03908698973309891,0.03968371066542192,0.04023332904767715,0.03514496494257594,0.03570485862042943,0.0362463623208573,0.03644313713045974,0.03700592927856902,0.03755224511877513,0.03774927512524408,0.03831305573191937,0.0388709598488264,0.034053630092462754,0.03457806419826088,0.035113596783507894,0.03527002799066539,0.03581165989650792,0.03635145982399788,0.036513439222368785,0.037068486654894754,0.03760888734481859
0.9,0.03662520504842377,0.03712144458257214,0.03758809167961686,0.037426862022126674,0.037896787603028156,0.038341575713343186,0.0381386378216447,0.0386034118129866,0.03901475789303552,0.035760977722318434,0.03626273475813091,0.036740459576577046,0.036584809411180065,0.03706689087790704,0.03752649135941877,0.037333161790382735,0.03779203851647776,0.03824069771796182,0.0349329999233955,0.03541752112989295,0.03590766815137956,0.035752604643742025,0.03623487431118239,0.03670928747801747,0.03652534528535107,0.03700004636646366,0.03745461680344307
1.0,0.0359219753917321,0.036697333349015385,0.037449159463841336,0.038304261685781466,0.039076630359466236,0.03982755072810748,0.04062872963551641,0.0414170274147492,0.04215182536599765,0.03395717533008907,0.03470762752088332,0.03543806051812635,0.03625090176121211,0.037007765266660664,0.03774530255562718,0.038515145237609946,0.03927157606041395,0.04001576069024151,0.032162304533150235,0.03286507743362481,0.033579453607764126,0.03434375119612419,0.035069674614989124,0.03579325418153261,0.03653182987492146,0.03727335427380764,0.03799749194901447
1.1,0.03426072989212888,0.035137294948301916,0.03599920742538696,0.04029158246721551,0.04125330770368828,0.04219960973132079,0.04697695003970656,0.048051600294636364,0.04907042002974063,0.03040594584790401,0.031199694381044914,0.03197967098831937,0.0357348683195444,0.03661583965300184,0.03748254360560288,0.04167240126484894,0.04263990783414139,0.04359262390011717,0.027140864676654355,0.027838948102675648,0.02855425896486339,0.03184496045701515,0.03263498976965539,0.03342981693854842,0.037119625388735915,0.03800179656185559,0.038870540813345233
1.2000000000000002,0.035000765858102786,0.03600583097929511,0.036998075626800055,0.039463102389508384,0.04054144551820181,0.04160757729662385,0.043933668103617665,0.04510521974785627,0.04622871136207426,0.03173246780950783,0.0326527200973769,0.033560987806261926,0.03589498615958305,0.03689361538740882,0.03788077851522887,0.04013749589755563,0.04120790516693158,0.04226944911772086,0.028854279938887766,0.02967490439643042,0.03051512542818599,0.03269906726144437,0.03360704139990227,0.0345217154279234,0.03668457999002137,0.037674422358852384,0.03865406095869628
1.3,0.03517212737040647,0.036248159141325245,0.03731241487010277,0.03928523763684243,0.04044632601438949,0.04159702745557298,0.04317083750498695,0.04443482120247344,0.04565434048165189,0.031975644591801654,0.032956188889861654,0.03392549251830755,0.03591482482228675,0.03698473954034461,0.038044590025498,0.03974284155608173,0.04089410453941685,0.04203910348774819,0.02912095221303106,0.029992462870451778,0.03088438950327154,0.032834736512366465,0.03380413748416445,0.03478127179062457,0.0365365519151187,0.03759724479512075,0.038649431266752014
1.4000000000000001,0.03576399744076175,0.037070006823572116,0.03837435673735487,0.03841941418676479,0.03980713597361697,0.041197513186374546,0.04049725506219721,0.041975781454599986,0.04342811530440063,0.03311620105125926,0.03431026698267131,0.03550177113804663,0.035874883537078864,0.03715691984344862,0.03843995425278556,0.03819131581756717,0.03954674071163351,0.040911010709526,0.03065790724717254,0.03172743382414973,0.03282528204484522,0.03342579016689117,0.034594829821078074,0.03578039017812265,0.03587851342500409,0.037134306394393746,0.03839290668468291
1.5,0.0358292042881087,0.037198827558838465,0.038566977517412795,0.03832633074182913,0.03979270106029055,0.04126293912788092,0.04014538039253763,0.04171557319792589,0.043262355964315935,0.03319341477548881,0.03443949717518453,0.035682952033592064,0.035848029757133026,0.0371958491401227,0.038545462235993894,0.03797103781942854,0.03940477198034901,0.04084935672752313,0.03072947975360922,0.03184123760893302,0.03298121109640119,0.033435843758138746,0.03465972896641946,0.03590058062931574,0.03574987639180619,0.03707238045701727,0.03839899984440344
1.6,0.036577687468347914,0.038511803353499456,0.040491432076198645,0.03679430945307904,0.03878051716319628,0.040823266994284776,0.03623714831281008,0.03826307708796813,0.040325437191642124,0.03483574946268795,0.03661156033053428,0.03842584179583355,0.03545012652834765,0.03729262064795987,0.03918294058177413,0.03537199471539072,0.03724939850847089,0.03919025070036698,0.03309839028198213,0.03470710952276832,0.03637975781893767,0.03400253384086867,0.035698371891974966,0.03744991644555951,0.03431272770728294,0.03606700130393913,0.03786902881429417
1.7000000000000002,0.03663897295246088,0.03867095773575371,0.040755278698513114,0.03663127821031813,0.038715223929794325,0.04086379191609216,0.035834017551890654,0.037953854077437364,0.04011957322303516,0.03495484764351291,0.036818901427329895,0.03872726642304034,0.03537119947555218,0.037302877970353296,0.039289334294115554,0.03507198428942655,0.03703648915419803,0.03907266459391135,0.03326223641548332,0.034950594456330766,0.03670784594602085,0.03399427908683766,0.03577163769542907,0.037610516269950545,0.03410487314930222,0.035939924478994426,0.03782957893491554
1.8,0.036700145461378154,0.038861630434011966,0.04108629575702118,0.03642867498769983,0.038638462108253564,0.04092505074811216,0.03537109085167129,0.037609019653558465,0.039906334726678885,0.03508506685493036,0.03706689187239422,0.03910247078742218,0.03525746944676384,0.03730484815685304,0.03941764909832751,0.03470774881628922,0.03678245971174073,0.038940805656938575,0.03345127695285832,0.035246931408544215,0.03711956936795106,0.03396097773061235,0.03584496822799092,0.037799539572692234,0.033835309153398156,0.03577328071657414,0.03777603173933338
1.9000000000000001,0.036694839020924803,0.03889270454646604,0.04115350205118727,0.03641486837802167,0.038666288089354274,0.040994879010746034,0.03533667848189026,0.037619797797607456,0.03996335892547594,0.035055546271968586,0.037068770292398225,0.03913549882404043,0.03522479661784819,0.037308829872361324,0.03945858500295864,0.03465986727023474,0.03677514188442893,0.038974934993702706,0.033399044096747335,0.035221647309579225,0.03712101064492658,0.033910072661678274,0.035826117337388774,0.03781297607679327,0.03377413707734619,0.03574824173848922,0.03778786572543555
2.0,0.03672922958023324,0.039108594747919556,0.0415689462540489,0.036193612568892135,0.03861983301828035,0.04114276057812012,0.03488407367697914,0.03733062803145452,0.039858371175276526,0.035132459984661996,0.037310094998057104,0.039557082765979586,0.03505402759328446,0.037297940550296615,0.03962479681091046,0.03425564662459786,0.0365222644634541,0.03889199807146448,0.03351831659548582,0.03549026607447748,0.03755259497513764,0.03379292350500585,0.035855611688554286,0.03800397373944032,0.03342630619429506,0.03554077726178537,0.0377368684719071
2.1,0.036698401102080745,0.03879683914114478,0.04093975121628671,0.03652142839156486,0.03868241877714102,0.040901614507578184,0.03551244737552285,0.037715205131210114,0.0399594032354043,0.035043671882223175,0.036968547137176004,0.0389308422020303,0.035324474391410336,0.037328029892137626,0.03938073105606922,0.03484150178462674,0.03688517321877752,0.038996376463711055,0.033364104863246966,0.035107433290060136,0.036913864681948565,0.033992150189078196,0.03583575493366442,0.037735928950234414,0.03394819005263293,0.035857680309492976,0.037818035823545766
2.2,0.036719071452956296,0.0386135753007545,0.04052895598416942,0.03668574998566802,0.0386461812750617,0.04063953303009099,0.03579235572024852,0.037802461439329964,0.039827556753805775,0.035094446367359984,0.036838733732146196,0.03859974817506365,0.03552397151789398,0.037348620964145846,0.03920015520559498,0.0351667979422363,0.03703709269591866,0.03895114920830966,0.03343010642189992,0.03501280936930767,0.036640942049435396,0.03420917849660169,0.0358925955319614,0.03761334013419042,0.03429855343809069,0.03605155076947966,0.03783476703827881
2.3000000000000003,0.036830327667572105,0.03842166323874436,0.04000702435670957,0.03679542737846512,0.038443576947452734,0.04009533440072891,0.03587790825612562,0.03757364844865799,0.039253272870019,0.03538138020995896,0.03686029048323404,0.03833204663772773,0.0358299595654954,0.0373787692521281,0.038928321340913986,0.035467088465954665,0.037056880539186834,0.038661975414217474,0.03385205558189227,0.035201831608478375,0.036576617663086945,0.0346696740152295,0.03610926281301854,0.037563357895065666,0.03477294575108398,0.036275688145640556,0.037783671053211614
2.4000000000000004,0.037327681591560184,0.03809198829669377,0.03881738291284089,0.03672251222576541,0.037508182090319,0.03826082993962983,0.03522789785391686,0.03604581143376108,0.03680852458108453,0.036722560649111766,0.037459657427706905,0.03815824541595147,0.0366762154594654,0.037442223317716794,0.03817430677242801,0.03577572664245238,0.0365590459052863,0.03731895992972421,0.03589646525073621,0.03658103817714613,0.03726350127378416,0.03630590150944395,0.03703726241205148,0.0377516102577242,0.035934189471357555,0.03669885027281797,0.037433428929523706
2.5,0.03737864911860534,0.038130300271366144,0.03883611190411767,0.03668142879819012,0.03744194729087111,0.03816237974764929,0.03508332659618243,0.03586390873069588,0.03658234420961991,0.03681972732428396,0.037556485294425984,0.03824818687682717,0.03670329518614881,0.03745780850299694,0.03817163983915552,0.035717880066324224,0.03647831018570526,0.037208419570582595,0.03601827094354006,0.036712470436376,0.037398632470793315,0.03637748440449211,0.03710889008638585,0.03781698375845087,0.03593954353624084,0.03669390604458039,0.03741166880539235
2.6,0.03662109625629544,0.03784032372213286,0.03901435253644381,0.03754065166840542,0.0388069941646346,0.040032771786248415,0.03746367530921836,0.038776250235868566,0.04002365069099459,0.03480242728955755,0.0359578314252403,0.03707191759627774,0.03620442650244487,0.03742041663586133,0.03859817129974747,0.03673087401884677,0.037984398663862266,0.03920988046705043,0.03291180254010267,0.033979069174023616,0.03504127253259864,0.03465498713700225,0.03580304968979241,0.036931779184200625,0.03566300749294243,0.03687022280927436,0.03804469917093233
2.7,0.03630031050327237,0.03762963977352716,0.038913853709427924,0.03799495062574773,0.039393061826706294,0.040749882590682664,0.03860935580294763,0.04007002174066738,0.04146337462778397,0.03394309684741678,0.03518863447778335,0.0363942383296038,0.03608763817521571,0.03741694895603503,0.03870852669270459,0.03732523225294231,0.0387107528416074,0.04006833136590089,0.03158679228901944,0.03272600010183672,0.03386118888449717,0.03401645609525621,0.03525929025442597,0.03648400841891379,0.03572107123100819,0.03704343720489475,0.03833390438017466
2.8000000000000003,0.03644000123117194,0.03780870865147483,0.03913360669101289,0.03787808474888273,0.03930606284785234,0.04069514912937341,0.038076991103589065,0.03955116087743598,0.04096206276863679,0.03412955092945176,0.03541463747089157,0.036660598097967456,0.0361301885923173,0.03749361859964742,0.03882088433135593,0.0370759643829523,0.03848406002842318,0.03986664975720002,0.031766865832503925,0.032943982604921145,0.03411784170697113,0.034140553143606145,0.03541928058624287,0.03668102999329445,0.03566012486149588,0.03701087511492183,0.03833146591640574
2.9000000000000004,0.03597940111565654,0.03730039039216956,0.0385685691548793,0.03864849007474869,0.040077246462459956,0.04145669065075525,0.03997550471141896,0.04149971439465524,0.042948348673714255,0.0329877011620659,0.03420577545370277,0.03537804314963017,0.03613124427173677,0.0374713861294397,0.03876703189465531,0.038208270572889294,0.03963882458383796,0.04103495521312627,0.03006357490290247,0.03115919792543205,0.03224499086057978,0.033460749522976015,0.03469551632210592,0.03590646912233179,0.036060999966077756,0.03740988445127752,0.03872102886477477
3.0,0.03611583447772144,0.037500992308934326,0.03883369598502545,0.03850817351410118,0.04001707285669834,0.04147941931202416,0.03937699479303364,0.040990442719719404,0.04253441091815291,0.033165213473824215,0.034433908175265794,0.03565652420846403,0.03614297382223292,0.0375496258827686,0.038913316695738234,0.03788526863145061,0.039393554701619087,0.040871239222643824,0.030239303252588123,0.031373944564812836,0.032498329134701756,0.03355714942717746,0.034846246623051955,0.03611229646274734,0.03593107741074055,0.03734642519374828,0.03872656623101361
3.1,0.03623244058289383,0.037696822574809864,0.03910798700295071,0.03835232898856577,0.03996224723931879,0.041527470462865285,0.03881265086037356,0.04054180825018528,0.042206907107054305,0.03332806394289443,0.03465934394352261,0.03594336541858377,0.036119914669924105,0.037609994535205436,0.039057949748792,0.0375415188528887,0.03914962873013776,0.04073053017893834,0.030415476064585535,0.03159873957351652,0.03277056464744858,0.03361864152568594,0.03497571773217413,0.03630993153200514,0.03575431634918587,0.037254316219947264,0.038721323265546614
3.2,0.03609918850670512,0.03743582920454341,0.03870062575497797,0.03867751277719016,0.04018996034195639,0.04163738893592347,0.03953148232286274,0.041201151501628376,0.04278571062117121,0.03300347414462544,0.034210994279162646,0.035355729655104653,0.03622438588764041,0.03761390457185561,0.03894381404676271,0.03804996206972922,0.0395887539722687,0.041082153806067966,0.02993481665468238,0.03100013969606074,0.03204056152285283,0.033525179294015994,0.03478121692485397,0.03599938892296939,0.03605438271721379,0.03747857666371682,0.038853715203458
3.3000000000000003,0.035768471001647414,0.03638204915791033,0.036880953405367914,0.039730592980322825,0.04048847004298929,0.04112574693023171,0.04202117712503122,0.042948603672086964,0.04372244344707278,0.03238994798084086,0.03296531351446298,0.03344227057324061,0.03684611566836903,0.03756092376210503,0.03816891154176264,0.04004406952558311,0.04090009531283528,0.041652907152665786,0.029097708058162856,0.029613126185418094,0.030072847777412325,0.03376313737268293,0.03442044798652136,0.03499991822892416,0.037560054263717495,0.038364247330211834,0.03906945000242329
3.4000000000000004,0.03577381958958592,0.035987703027968686,0.036069586890299175,0.04006860628953388,0.04038216794286945,0.040551363901172706,0.04270356238619034,0.043162476634447285,0.043437230172774385,0.032459684178207444,0.03269542820709133,0.03281747142572589,0.037237349042708784,0.03756682824861731,0.037768407966896726,0.040785264671704666,0.0412250522587126,0.041534605306761986,0.029203683495696263,0.02943182752355742,0.02959079424765313,0.034173797648420566,0.03449954075119387,0.03472900823315589,0.03831718980189101,0.03875589133294504,0.03907165882421825
3.5,0.03551117280044375,0.0362545982359027,0.0368551007375153,0.03995920713198384,0.04088115021352306,0.04164792308713473,0.04280485153446768,0.04392899066761918,0.04485924482997079,0.031810459445658974,0.03250654953013243,0.033083020469537566,0.036638783140977196,0.03750934103836834,0.03824640961053764,0.040308033791074616,0.04135449660672208,0.04226638513996562,0.028285634984957106,0.028910174373993673,0.029462628751310616,0.033213225901912787,0.034013490158283685,0.034715513866550245,0.03738314063652851,0.03836569375333839,0.039224779561589526
3.6,0.035549225575378075,0.03631309388526266,0.036923019164223164,0.03995065873430918,0.040873680487245254,0.041628371671002584,0.04269843451283001,0.04379719541183488,0.04468714522725409,0.03183103928965836,0.032560552502931904,0.03316176876486046,0.03664917619481602,0.037541313033043984,0.03828924095019555,0.04027066577674663,0.041319909660728606,0.042221929003062125,0.02827171320624256,0.02893652965051988,0.029522652249650047,0.03320932495551939,0.034043999027566975,0.034772004550713206,0.03736544291221942,0.038370366525915044,0.03924154707627002
3.7,0.03586221786354122,0.03653708623783845,0.037048331298088884,0.03974793376016026,0.04052887251164538,0.04113214753986348,0.04178320097346866,0.042679533493510176,0.043359549217949364,0.03238305284759371,0.03305993887490102,0.03359895138093353,0.03686824499673435,0.037665130583948506,0.038307686416329534,0.03996155486768886,0.04086399606044135,0.041609082755083286,0.028945382977742844,0.02958414084090516,0.030136050548764164,0.03369529836632034,0.03447164474602555,0.03513166514115981,0.037490028430059996,0.03839450827542489,0.03915476899387724
3.8000000000000003,0.03657241122595729,0.03709206578520625,0.037443018897667726,0.03910957368083037,0.039667124737503466,0.04004804315217049,0.03948236155236074,0.0400849668756687,0.040481371501616334,0.033761453088988126,0.03433184091511203,0.03475546369095475,0.037259205345702505,0.03788799633511928,0.03835740616165098,0.03898228241021242,0.039648894726541296,0.040158186404205036,0.03073720994301048,0.03130920956448651,0.03178536606757423,0.03482447877430871,0.035482645031969975,0.03601629638105486,0.03756557753671125,0.03829017521850035,0.038865374994915984
3.9000000000000004,0.03425473420752629,0.035056157915215005,0.03568450290361539,0.041695426522415716,0.04265320772087985,0.043404256564854325,0.04763577016900551,0.048755086469861986,0.049604665031297436,0.02898363741472205,0.02975049795856722,0.03038215876377557,0.03635431028450231,0.03729977487783092,0.03807793133753593,0.043003061743902685,0.04411181114744342,0.045033028241147965,0.024290667365827887,0.024981811150409265,0.0255924466524794,0.031225674720631015,0.03211094994572044,0.03287798985931688,0.038035834759275924,0.039113388938465554,0.04003121733377412
4.0,0.036330578462495655,0.03726019549753607,0.03802312768012418,0.03945621099841216,0.040466651408238755,0.04130247711257479,0.0399143813335279,0.040977917683795086,0.04183965643406834,0.03275977524466762,0.033680731909490176,0.03446166708623791,0.036989363110373645,0.038025374090866426,0.03890775225810556,0.03910901408827181,0.040211224401687035,0.041163012026439384,0.029055133035114325,0.029917984363645195,0.030693974824263042,0.03389061501337453,0.034902735387570945,0.03579923386182299,0.03721167276653306,0.0383338322672065,0.03931570765355687
4.1000000000000005,0.036151721480193244,0.03706960482956679,0.03781569440012985,0.03986595286362995,0.04089566099728467,0.04174394807676841,0.040644096392661026,0.04175588914324985,0.04265896813603087,0.03219068791134322,0.03308627067441601,0.03383891685691522,0.03704059850346473,0.03807961558027273,0.038959861845182554,0.039633505525022567,0.040767774634074744,0.04174589161039889,0.02815671908918717,0.028983332078948074,0.029721119292655876,0.0335738917810738,0.03457410118245992,0.035455164528431934,0.03744046486350536,0.0385786841153444,0.03957186360778818
4.2,0.03598867864418174,0.03685180602091484,0.03753380404919792,0.04025029246513139,0.041266564789421284,0.042089765322230355,0.04133715231142347,0.042481731164355864,0.04340574426076298,0.03170538875272023,0.03253542473362564,0.03321582805403783,0.03711382617467197,0.03812030997407281,0.03895855101095126,0.040142037715773154,0.04128504190058848,0.042261617673058326,0.02741056698204593,0.028165617080246105,0.02882656238309404,0.033337931483073346,0.03429113523558986,0.035117759691323115,0.03769389881286591,0.038820279486428286,0.03979268382821391
4.3,0.03712724227973887,0.03863008884211655,0.03997779806040224,0.038328320771557754,0.03999991275181814,0.0415285526974091,0.036181419976822046,0.03791891263472216,0.039511220396706244,0.033897909596995325,0.035288859605818255,0.03654739394979788,0.0368007332553916,0.03840633274909486,0.03988167229837479,0.03676385833642113,0.03848141048142941,0.04009130979140868,0.030279172218404128,0.031520126521714334,0.03268072223511581,0.03430514985411334,0.035797766260758396,0.037192088907157805,0.035988378748804825,0.037656360066347566,0.03921728671155886
4.4,0.03602185012335465,0.036447777010772994,0.03666097697222774,0.04074140185741366,0.04134532577659858,0.041716416782290405,0.04192208438234428,0.042725211205201695,0.04326499916372855,0.03164443577331257,0.03208482908593553,0.03234838134624015,0.03761571165237237,0.03823204919633249,0.03864402524062528,0.04095067576649705,0.04174586396602623,0.04233352452840672,0.02722545220443383,0.0276409627033006,0.02793914581876812,0.03374923596479458,0.03434518083245508,0.034782875575312774,0.03856654171157933,0.03935459717666822,0.039950468183006425
4.5,0.03619685979607488,0.03691926847453196,0.03741386004351935,0.04030734787784922,0.04128418610995956,0.042017504972439786,0.04077794502539466,0.04199719249729537,0.042950835047121355,0.03190439015054791,0.03258683045816514,0.03308097196962088,0.03736709492638903,0.038302379633959986,0.03902492761231972,0.04002493803506163,0.04119673358443172,0.04215869270021074,0.027537056005688853,0.02814670931446896,0.028630857558659642,0.033658870354728525,0.034520991077423485,0.03521846359197905,0.03787217837258844,0.038989651226019086,0.039913263583551045
4.6000000000000005,0.036236067231119634,0.03744465959821415,0.03842229057946791,0.03984930251833526,0.041388335524744434,0.04268930054319476,0.039824273091208194,0.04162786341783504,0.0431820852880283,0.03189931517886268,0.032987605982613834,0.033887391453551644,0.03688910848165812,0.03831613595197658,0.039537565625306775,0.039020865150759663,0.0407324442887049,0.04225059528281048,0.027513981211635834,0.02845586347079163,0.029273997099414757,0.033202243047707365,0.03448317652775048,0.035607270555495944,0.03688629945855728,0.03848531723976533,0.039906646200489004
4.7,0.035685811059723405,0.03818185632313398,0.04054256864935195,0.039341991867972444,0.0423538299057689,0.045254529942927293,0.03951140445758687,0.0428512710126136,0.046093358277031024,0.030673568996494135,0.03278805446908907,0.034798736224408426,0.0354809537551796,0.03813385678941684,0.040695988837926626,0.037625098628859766,0.04067885971408326,0.04368092047460896,0.025915109681376294,0.02766132735080875,0.02935539871575594,0.031221361931371455,0.03349845490896614,0.035718697791670306,0.03469932685469001,0.03743574657833534,0.040121916800849665
4.800000000000001,0.035091983008955385,0.03813562883424131,0.04111534177092576,0.03949747100814449,0.043193668909692444,0.046866147706027116,0.0405317135969354,0.044654884453432915,0.04877865635731956,0.0294861662443137,0.03199652864315876,0.03446365296084752,0.034770903932457284,0.03794318464285104,0.04110107456900704,0.037621084893871094,0.04130128888498019,0.04501971766630212,0.0244036683724131,0.026428881345542492,0.028450609032360383,0.02993138968975073,0.03258998840158388,0.0352559976648628,0.0338949392242655,0.03711409380725519,0.040361334378502846
4.9,0.035972094162926294,0.03860787130504973,0.04110602078023095,0.03898405140418326,0.042070099686590735,0.045041635225624634,0.03841240690760119,0.04172828498889705,0.04494058682865666,0.031131892682422703,0.0333983103028231,0.03556149853189692,0.035475492950857106,0.03824374129552109,0.04092156920176284,0.03700016954731888,0.04009862004673465,0.04314359046968809,0.026440190081884595,0.028334849628672994,0.030180406878133392,0.03143502911797407,0.03384634638860252,0.03620389040834108,0.03443110369482799,0.03725652478217078,0.04003372270060666
5.0,0.036605173615462915,0.03902415816464461,0.04127106301327595,0.03849234080113933,0.041235259819157925,0.04382498689370917,0.03670448258341148,0.039555935205451614,0.04226311794667367,0.03235753252438248,0.03450284323129848,0.0365143034880766,0.0358895932809378,0.03843347316138043,0.04085117264634313,0.036348677750808876,0.03910837417114448,0.041774185285625064,0.027988375124199317,0.029829433625185534,0.031596982182070306,0.03247656005400476,0.03475745584788554,0.03695368168980398,0.034644420642233074,0.03724179807523392,0.039754619176459685
5.1000000000000005,0.03792819735756402,0.03990115624743928,0.04165819030115817,0.03712861341879384,0.039224946326842106,0.04112974570740534,0.03284520499852941,0.03488710303044669,0.03675427765994081,0.0352559586751762,0.03712251634427225,0.03880706149501951,0.036597210124214394,0.03867672783947006,0.0405838765336971,0.034579731990508185,0.03669523711390967,0.03867336151694464,0.031898450398735456,0.0335926811986796,0.035169659989814105,0.03480448334542335,0.0367846301441677,0.038632339050013495,0.03481112979082283,0.03693369115256716,0.03892381824844461
5.2,0.03800475826470844,0.040013131935670264,0.04180430097419729,0.03708923438502605,0.03919820842483792,0.04111475919397571,0.03260663280661251,0.034632865383951765,0.03648427448607449,0.03531273190307366,0.037221838868797735,0.038948332775144506,0.03662585617203632,0.03873308073694067,0.04066712245449944,0.03447903020857569,0.03659874155614762,0.03858034431630796,0.03189507662852832,0.03363330578757345,0.035254612268044876,0.03483842582978999,0.03685529970677828,0.03873952750463447,0.03479138903631489,0.036933831765323666,0.03894328662643408
5.300000000000001,0.03772214495916387,0.0398040227455986,0.04167008081208831,0.03758113377456334,0.03979683538674107,0.04181798044889195,0.03359493968556792,0.035745156450898354,0.03771625441467745,0.03449366580724978,0.03644674411717456,0.03822231508565107,0.03658399876518748,0.03877326676924816,0.0407908820927252,0.035089536213834746,0.03731931798899245,0.03941029359839078,0.03065142232032022,0.032406127658652695,0.0340502838045432,0.034282654339361354,0.036353189362759004,0.038295415034689674,0.034940441513723955,0.03717113400484689,0.03927076284445802
5.4,0.03667176054377073,0.03864291316340011,0.04038391400195005,0.0392240322840207,0.041473618902434055,0.04349731844554038,0.03746778988716333,0.0398004247102372,0.04191048760222263,0.03208309189481482,0.03386717064091106,0.03547073702021881,0.03653365401960287,0.0386767680020312,0.040630009698979744,0.03746016403079922,0.03979081265015314,0.04195342877943781,0.02732155615272575,0.028867973189737058,0.030304610187315586,0.03280301516815996,0.0347576089081411,0.03657518118064594,0.035746288088403015,0.037994120471660134,0.04009155037552375
5.5,0.036564052127244694,0.03851567116313223,0.04023094197968906,0.03947224967261788,0.041740928074256445,0.04377682920829098,0.037879527053631956,0.0402638693221457,0.04242049914383066,0.03175152199996566,0.033500560897472775,0.035064893149567594,0.03656940771013183,0.038710963362488054,0.04065700134307633,0.03776194831208782,0.04012566621230085,0.04231646089279141,0.02682008561789317,0.028321235062006428,0.029709470622687684,0.032628172287094484,0.03456359609757914,0.03635761876826296,0.03588249119301708,0.038143921140023504,0.040250417586713536
5.6000000000000005,0.03610347222364764,0.03779647866122742,0.03922658395274273,0.04030538570152216,0.042378316691583366,0.04417899383891407,0.03984355072483936,0.0421305358851188,0.044142600656183445,0.030798385760342148,0.03230095463441659,0.03359987351034299,0.036708715505945226,0.03864127434122743,0.0403472272720681,0.03908499318899615,0.041317432158064195,0.043337518031860214,0.025563457177671688,0.026837906148980965,0.027984866569840994,0.032201517538182685,0.03392544535155916,0.035484039365858845,0.03654357256656742,0.03864939150788172,0.04056751103441457
5.7,0.03649652741608913,0.038588083698477375,0.040436898716366916,0.03953581148458429,0.04202969335412727,0.04429020220120632,0.037853360032449934,0.040516619582904694,0.0429612488190595,0.03146812922417978,0.033303092653505555,0.03494930281687387,0.0364553827920307,0.038762039847417405,0.04087293201037235,0.037658074629082994,0.040253019928817545,0.04268247500217661,0.026378266737759684,0.027924014383013413,0.02935404348455518,0.03234742578964276,0.03439418445829773,0.03629950043265572,0.035672593788144094,0.03811293969263812,0.0404041370235711
5.800000000000001,0.03693344723170755,0.04002416798118351,0.04298196872118586,0.03810192123780315,0.04157527909708411,0.044962853698152984,0.03476200579557502,0.03824532272519182,0.041678977946165145,0.03226943513517938,0.034943038882217364,0.03751585688933418,0.035629696833851046,0.03881320915931714,0.04192588848119772,0.035092607853880346,0.03848107574089028,0.0418549645653289,0.0274111078954659,0.02964517785964938,0.031833793844833584,0.032065691202780126,0.034873754512039196,0.03764283294037289,0.033741738489775804,0.03691800078699479,0.040076184492842885
5.9,0.03692710032611294,0.040098491982684316,0.04313925946551678,0.03804243916265884,0.04160414202052817,0.045084739914926314,0.03465664709633113,0.038224141086778914,0.04174867571707652,0.03224341171323289,0.034983406992052705,0.03762530091881263,0.035550431363848625,0.038811433978084856,0.042006525054609445,0.034961257230867064,0.03842915630418366,0.04188947944733188,0.027373966099818882,0.029661031940795172,0.03190532698677167,0.031976452123686966,0.034849814312544136,0.037688910508216815,0.0335957112912228,0.03684323248241696,0.04007951447888898
6.0,0.036982240624100764,0.04005757124148556,0.042977307191621995,0.03807454050190868,0.041529227214828726,0.0448737045709793,0.034652267210434,0.03811284458545806,0.04150035503505704,0.03234886770259436,0.035021019272606875,0.03757563477512095,0.03565361287999566,0.03883478966502439,0.041926174853789806,0.035040101271147435,0.038423055085698925,0.04177216466804097,0.027501328242120093,0.029741848572225435,0.031924953840265204,0.032120605092055735,0.03493678845563106,0.03769979972314433,0.033734064930140716,0.036917463900211875,0.04006766889431211
6.1000000000000005,0.03696981255758002,0.04009733571071866,0.0430681876487493,0.038063433808548146,0.041566074770731154,0.04495670470373673,0.034636185250117725,0.03813345469816296,0.04155511461366571,0.032299532946143725,0.03501972377474153,0.03762311067542008,0.03560767993470938,0.038837960616662004,0.04197880178889942,0.03499754568128214,0.03842367858998639,0.04181568700383537,0.027423330439652727,0.029705295933152177,0.031931580787279056,0.03204139505436614,0.034903547105455325,0.037714305512857906,0.03365925649592773,0.03688741696679258,0.04008384693082602
6.2,0.03749157766798616,0.04025878871641344,0.04281066745205598,0.03774024558250702,0.04077971608713924,0.04364122660623983,0.03352847541897204,0.036504559842346726,0.039337724795906095,0.033397526612800224,0.03587707624839597,0.03818846121194466,0.036072598131820635,0.03896268585496925,0.04170278800626345,0.03469251569762804,0.03769874501967253,0.040604863774186706,0.0288439774895381,0.03097753623768546,0.033013791083144006,0.0330784170516476,0.03570868754465926,0.038235097451225435,0.03406803015182316,0.03698137127045621,0.03980284899257291
6.300000000000001,0.03702503582081882,0.040074577712963695,0.042941667211041624,0.03815185053615292,0.041545788375952936,0.04479452684459904,0.034669507139942435,0.03803318095612355,0.04128393182856203,0.032329535459983585,0.03500513210279827,0.037545602641593116,0.03572977361761616,0.038892961354128446,0.04194113426719545,0.03513833431435191,0.03847397684975747,0.04174435907541942,0.027399911102219596,0.02965793450541877,0.031847959581819116,0.03213690757370332,0.034961086811890085,0.03771533336517209,0.03383282735192059,0.037005369697953525,0.040121793900901974
6.4,0.03715620076199168,0.040223205715815245,0.04310567308344566,0.03803187769835664,0.04141060284840939,0.044641814752110806,0.03426009490471629,0.037569376652608164,0.040763102844800794,0.03253496485298678,0.035240211094077836,0.03780900487473799,0.03577555881890423,0.03894687440215222,0.042001404955474365,0.034941704240758674,0.03825268464372546,0.04149584483139521,0.027621959188560724,0.02991406515685775,0.03213790357591305,0.032278551155814884,0.0351254891472726,0.037901598260294295,0.03380120630647064,0.036972691400735204,0.04008633383161333
6.5,0.0376290491214226,0.04069179727953954,0.043564772514856985,0.0374733975784586,0.040752771808777025,0.04388317207951054,0.032756306149133746,0.03587142247977568,0.03887214731297852,0.03347675299607828,0.03622541773150293,0.038830663012206564,0.03591441225526553,0.03905412391112733,0.04207257361456331,0.03413964668581235,0.03732699862712333,0.040443401152698163,0.02881417050961697,0.031178495406789925,0.033468822944268034,0.03293170880332797,0.035799798920423835,0.03859170230567615,0.03365195636082892,0.03676630518374713,0.03981821325449002
6.6000000000000005,0.03792026896644922,0.04102959965014308,0.04395272797571746,0.03709382660925313,0.040362238412710284,0.043489221279079414,0.031761075362332504,0.0348012090224918,0.03773675058226531,0.034041649826524537,0.03685623971696239,0.03952875943530096,0.035958888800701964,0.03912214952907476,0.042168729536361395,0.033569697955204834,0.03672184934057819,0.039809515358814745,0.0295184227667752,0.03195728752737874,0.034323190282761686,0.03328774251156218,0.03620427389755299,0.039047468207399315,0.03348312485468316,0.036598357247494606,0.03965573534442603
6.7,0.03821682078829165,0.041409541978938647,0.044425256120104346,0.03665098041383503,0.03994435708266052,0.04311094240926454,0.03068062761254116,0.03367814444025828,0.036588244971624835,0.034639870003788834,0.03755114785628047,0.040326088023502446,0.035959103804825227,0.03917689177225013,0.04228865699282333,0.03290395318282617,0.03604942063879879,0.03914379257125327,0.030280661886810546,0.032819633232067505,0.03529001109408911,0.033629022823731404,0.03662058460968927,0.03954656538240509,0.03323126457337827,0.036372281753178436,0.039466133980782685
6.800000000000001,0.037679324470333765,0.04070107101363547,0.04351941205566379,0.03766625019732928,0.04092501851614499,0.04402269907627397,0.03276598586012253,0.035858894945770235,0.03883005742093601,0.033329521594214276,0.03602955158297265,0.0385749969141044,0.03607003882627391,0.03918803501883676,0.04217281327453301,0.034311529544092174,0.03748782073708837,0.04058380744580108,0.028455578484006254,0.030763153379562074,0.032987915635761325,0.03294664196259054,0.035786180751406646,0.038539034226572164,0.03385287375732209,0.036958977103760636,0.03999281620489169
6.9,0.037090996373409874,0.03973358012677296,0.042123242751206665,0.03883461266586615,0.04184893429844018,0.04463680506698101,0.03528079996192238,0.03830019811332242,0.04112873117034453,0.03204417486320901,0.03436816470851776,0.03650015178069535,0.036314710786149854,0.039147295684312584,0.041792563449266726,0.03607681959457693,0.03911475958677379,0.04201110378280238,0.026743344978604353,0.02869641102961914,0.030536947588783975,0.0324152595726242,0.034948712635629584,0.037351859760259044,0.03478100563998921,0.03769521524846148,0.04048359878145846
7.0,0.036301574052071614,0.03802408291905196,0.039409842427786855,0.04059688250920449,0.04276785242473117,0.044586500907532585,0.039296025268077954,0.04169714266425622,0.04375668573377464,0.030569886256705966,0.03209427213261574,0.03336153142710915,0.03696412567584148,0.038998656109148905,0.04074104708917359,0.0390920359446844,0.041475543241389384,0.043583728322825095,0.024893717652161883,0.026173248008663802,0.02728846984320464,0.032158286287741415,0.03396738337959385,0.035561585344127386,0.036698232601859934,0.03896042834992319,0.040981233426742744
